0.0 11, s  319.68 384.07 448.13 512.51 576.90
11.7 11, s  319.02 383.40 447.79 511.85 576.23
28.3 20, s  319.02 383.40 447.79 511.85 576.23
45.0 82,128,167 s  319.02 383.40 447.79 511.85 576.23
61.7 128,177,213 s  319.02 383.40 447.79 480.82 511.85 534.20 576.2
78.3 192,229,249 s  319.02 354.38 383.40 418.77 447.79 482.15 511.8
95.0 193,226,243 s  319.02 354.38 383.40 418.77 447.79 466.47 472.4
111.7 194,224,242 s  319.02 354.38 383.40 418.77 447.79 466.81 471.1
128.3 195,223,244 s  319.02 348.04 383.40 412.76 447.79 466.81 470.4
150.0 195,224,242 s  319.02 348.71 383.40 413.10 447.79 466.81 470.1
161.7 197,225,243 s  319.02 349.04 383.40 413.43 447.79 466.47 470.1
181.7 195,224,240 s  319.02 349.38 383.40 413.76 447.79 466.47 470.1
195.0 195,224,242 s  319.02 349.71 383.40 414.10 447.79 466.14 469.8
211.7 194,224,242 s  319.02 350.04 383.40 414.43 447.79 469.81 483.4
14716.7 92,106,130 s  320.02 355.05 384.40 419.43 439.79 453.46 483.8
14726.7 92,106,130 s  314.68 349.71 379.07 414.10 434.45 448.13 478.4
14778.3 89,105,129 s  314.68 349.71 379.07 414.10 434.45 448.13 478.4
15461.7 89,105,129 s  313.34 345.71 375.06 410.09 430.44 444.12 474.1
15478.3 89,105,129 s  313.34 342.04 371.06 406.09 426.44 440.12 470.4
15495.0 89,105,129 s  313.34 338.37 367.72 402.75 423.10 436.78 466.8
15511.7 89,105,129 s  313.34 335.03 364.39 399.42 419.43 433.11 463.4
15528.3 89,105,129 s  313.34 331.69 361.39 396.42 416.43 430.11 460.4
15545.0 89,105,129 s  313.34 329.36 358.38 393.41 413.76 427.44 457.8
15561.7 89,105,129 s  313.34 326.69 356.05 391.08 411.43 425.11 455.4
15578.3 89,105,129 s  324.69 354.05 388.74 409.09 422.77 453.13 486.8
15595.0 89,105,129 s  323.02 352.04 387.07 407.42 421.10 451.46 485.1
15611.7 89,105,129 s  321.69 351.04 385.74 406.09 419.77 450.13 483.8
15628.3 89,105,129 s  321.02 350.38 385.07 405.42 419.10 449.46 483.1
15653.3 243,237,227 s  319.02 350.04 383.40 405.42 419.10 447.79 483.1
