# QV-16-row-column-lift.mp4 — settle probe (qa-frames probe; rising luma>200 edges, pt). Row 2 at y=475.3 (R2), column 2 at x=196 (D2). iPhone 16, QA build 5798c70.
## ROW
  4150.0 ms  150.00 166.01 171.69
  4153.3 ms  150.00 166.01 171.69
  4168.3 ms  150.00 166.01 171.69
  4185.0 ms  153.67 178.69 184.70
  4201.7 ms  150.00 162.01 187.03 193.04
  4218.3 ms  150.00 166.68 191.70 197.71
  4235.0 ms  150.00 168.68 193.70 199.71
  4251.7 ms  150.00 170.02 195.04
  4268.3 ms  150.00 170.35 195.37
  4285.0 ms  150.00 170.68 195.71
  4303.3 ms  150.00 170.68 195.71
  4318.3 ms  150.00 170.68 195.71
  4335.0 ms  150.00 169.68 194.70
  4351.7 ms  150.00 169.68 194.70
  4368.3 ms  150.00 169.68 194.70
  4385.0 ms  150.00 168.02 194.70
  4418.3 ms  150.00 168.02 194.70
  4435.0 ms  150.00 168.02 194.70
  4451.7 ms  150.00 168.02 194.70
  4468.3 ms  150.00 168.02 194.70
## COLUMN
 24300.0 ms  430.00 441.01 454.69 485.05 505.06 515.07
 24320.0 ms  430.00 441.01 454.69 485.05 505.06 515.07
 24335.0 ms  430.00 441.01 454.69 485.05 505.06 515.07
 24351.7 ms  433.67 454.02 467.70 497.72 517.74
 24368.3 ms  430.00 442.01 462.36 476.04 506.40
 24385.0 ms  430.00 446.35 466.70 480.38 510.74
 24401.7 ms  430.00 448.68 469.03 482.71 513.07
 24418.3 ms  430.00 449.68 470.03 483.71 514.07
 24435.0 ms  430.00 450.35 470.70 484.38 514.40
 24451.7 ms  430.00 450.35 470.70 484.38 514.74
 24470.0 ms  430.00 450.68 471.03 484.71 515.07
 24486.7 ms  430.00 450.68 471.03 484.71 515.07
 24505.0 ms  430.00 449.68 470.03 483.71 514.07
 24520.0 ms  430.00 449.68 470.03 483.71 513.74
 24536.7 ms  430.00 449.68 470.03 483.71 513.74
 24553.3 ms  430.00 448.02 470.03 483.71 512.07
 24570.0 ms  430.00 448.02 470.03 483.71 512.07
 24585.0 ms  430.00 448.02 470.03 483.71 512.07
 24603.3 ms  430.00 448.02 470.03 483.71 512.07
 24620.0 ms  430.00 448.02 470.03 483.71 512.07
 24636.7 ms  430.00 448.02 470.03 483.71 512.07
