# QV-16-thaw-L23.mp4 — U4 on L23 (seed R1 D3 U4). Tile (2,1) body RGB at (112,492) pt | column 4 rising edges at x=324 pt. Settle start ≈ 21626 ms, T0 (settle end) ≈ 21816 ms.
 21400.0 ms  rgb 195,224,240	 21400.0 ms  319.02 350.04 383.40 414.43 447.79 469.81 483.49 511.85 5
 21451.7 ms  rgb 195,224,240	 21451.7 ms  319.02 350.04 383.40 414.43 447.79 469.81 483.49 512.18 5
 21455.0 ms  rgb 195,224,240	 21455.0 ms  319.02 350.04 383.40 414.43 447.79 469.81 483.49 512.18 5
 21486.7 ms  rgb 195,224,240	 21486.7 ms  320.02 353.38 384.40 417.77 439.79 453.46 481.82 517.18 5
 21528.3 ms  rgb  89,105,129	 21528.3 ms  314.68 349.71 379.07 414.10 434.45 448.13 478.48 511.85 5
 21560.0 ms  rgb  89,105,129	 21560.0 ms  314.68 349.71 379.07 414.10 434.45 448.13 478.48 511.85 5
 21576.7 ms  rgb  89,105,129	 21576.7 ms  314.68 349.71 379.07 414.10 434.45 448.13 478.48 511.85 5
 21593.3 ms  rgb  89,105,129	 21593.3 ms  313.34 336.70 366.06 401.09 421.44 435.11 465.47 499.17 5
 21610.0 ms  rgb  89,105,129	 21610.0 ms  313.34 328.36 357.72 392.75 413.10 426.77 457.13 490.83 5
 21626.7 ms  rgb  89,105,129	 21626.7 ms  324.02 353.38 388.41 408.76 422.44 452.46 486.16 516.85 5
 21643.3 ms  rgb  89,105,129	 21643.3 ms  321.69 351.04 386.07 406.42 420.10 450.46 483.82 514.52 5
 21660.0 ms  rgb  89,105,129	 21660.0 ms  320.68 350.04 385.07 405.42 419.10 449.13 482.82 513.51 5
 21676.7 ms  rgb  89,105,129	 21676.7 ms  320.35 349.38 384.40 404.76 418.43 448.79 482.49 512.85 5
 21693.3 ms  rgb  89,105,129	 21693.3 ms  320.02 349.38 384.07 404.42 418.10 448.46 482.15 512.85 5
 21710.0 ms  rgb  89,105,129	 21710.0 ms  320.02 349.38 384.07 404.42 418.10 448.46 482.15 512.85 5
 21726.7 ms  rgb  89,105,129	 21726.7 ms  320.02 349.38 384.07 404.42 418.10 448.46 482.15 512.85 5
 21743.3 ms  rgb  89,105,129	 21743.3 ms  320.68 350.04 385.07 405.42 419.10 449.46 483.16 513.51 5
 21760.0 ms  rgb  89,105,129	 21760.0 ms  320.68 350.04 385.07 405.42 419.10 449.46 483.16 513.51 5
 21793.3 ms  rgb  89,105,129	 21793.3 ms  320.68 350.04 385.07 405.42 419.10 449.46 483.16 513.51 5
 21828.3 ms  rgb 189,200,206	 21828.3 ms  319.02 350.04 383.40 405.42 419.10 447.79 483.16 511.85 5
 21843.3 ms  rgb 215,220,221	 21843.3 ms  319.02 350.04 383.40 405.42 419.10 447.79 483.16 511.85 5
 21858.3 ms  rgb 233,233,228	 21858.3 ms  319.02 350.04 383.40 405.42 419.10 447.79 483.16 511.85 5
 21876.7 ms  rgb 237,235,229	 21876.7 ms  319.02 350.04 383.40 405.42 419.10 447.79 483.16 511.85 5
 21893.3 ms  rgb 240,236,228	 21893.3 ms  319.02 350.04 383.40 405.42 419.10 447.79 483.16 511.85 5
 21910.0 ms  rgb 243,237,229	 21910.0 ms  319.02 350.04 383.40 405.42 419.10 447.79 483.16 511.85 5
 21926.7 ms  rgb 243,237,227	 21926.7 ms  319.02 350.04 383.40 405.42 419.10 447.79 483.16 511.85 5
 21943.3 ms  rgb 244,238,228	 21943.3 ms  319.02 350.04 383.40 405.42 419.10 447.79 483.16 511.85 5
 21960.0 ms  rgb 244,238,228	 21960.0 ms  319.02 350.04 383.40 405.42 419.10 447.79 483.16 511.85 5
