# QV-16-tutorial-ghost.mp4 (original 78.5 s, 1178x2556; trimmed copies QV-16-tutorial-ghost-drag.mp4 = [46.5, 53.0] s and QV-16-tutorial-undo.mp4 = [76.5, 78.4] s at 960x540 preset).
## ghost cell (196,460) RGB per changed frame, [46.5, 53.0] s
46500.0 203,209,246
46526.7 205,211,247
46540.0 205,211,245
46575.0 206,210,245
46621.7 207,211,246
46741.7 206,210,245
46756.7 207,211,246
46771.7 206,210,245
46790.0 205,211,245
46805.0 206,210,245
46823.3 205,211,245
46840.0 203,209,246
46891.7 202,208,245
46971.7 201,207,244
46990.0 202,208,245
47108.3 203,209,246
47206.7 203,210,244
47225.0 205,211,245
47256.7 206,210,245
47275.0 205,211,245
47291.7 206,210,245
47305.0 205,211,245
47321.7 205,211,247
47356.7 203,210,244
47371.7 203,209,246
47438.3 215,217,246
47456.7 224,225,245
47473.3 233,232,243
47488.3 240,238,243
47546.7 207,207,213
47553.3 151,152,165
47571.7 131,132,145
47586.7 118,119,132
47603.3 114,116,129
47790.0 113,116,129
49371.7 153,153,160
49390.0 189,187,189
49405.0 216,214,212
49420.0 239,235,231
49436.7 250,247,240
49455.0 251,248,241
49990.0 244,242,242
50008.3 235,235,241
50023.3 230,229,243
50041.7 224,225,245
50056.7 217,220,244
50073.3 212,217,245
50088.3 209,213,243
50105.0 207,213,248
50125.0 206,210,245
50155.0 205,211,245
50175.0 206,210,245
50221.7 207,211,246
50290.0 206,212,246
50308.3 207,211,246
50338.3 206,212,246
50371.7 206,210,245
50390.0 205,211,245
50406.7 206,210,245
50441.7 206,210,247
50455.0 203,209,246
50476.7 202,208,245
50706.7 203,209,246
50790.0 203,210,244
50808.3 205,211,245
50940.0 205,211,247
50955.0 203,209,246
51055.0 202,208,245
51255.0 203,209,246
51306.7 205,211,245
51341.7 206,210,245
51373.3 205,211,245
51388.3 207,211,246
51538.3 206,210,245
51556.7 206,210,243
51576.7 206,210,245
51590.0 205,211,243
51608.3 206,210,245
51625.0 205,211,247
51641.7 203,209,246
51706.7 202,208,245
51906.7 203,209,246
52023.3 205,211,245
52171.7 203,209,246
52221.7 203,210,244
52238.3 203,209,246
52255.0 202,208,245
52321.7 202,208,247
52355.0 202,208,245
52471.7 203,209,246
52523.3 205,211,245
52540.0 206,210,245
52571.7 205,211,245
52621.7 207,211,246
52740.0 206,210,245
52823.3 205,211,245
52840.0 203,210,244
52856.7 203,209,246
52890.0 202,210,246
52906.7 202,208,245
52925.0 202,208,247
52940.0 202,208,245
## third quota dot (114,742.7) RGB per changed frame, [76.5, 78.4] s — the spent dot dims (undo with the tutorial up)
76500.0 200,230,
77588.3 113,131,
77606.7 92,109,
77623.3 85,
77638.3 72,
77656.7 64,
77673.3 52,
77688.3 46,
77705.0 43,
77740.0 42,
77755.0 43,
77890.0 42,
